Inputfile FileNo. ParticleNo. Valid red green blue bright redstd greenstd bluestd brightstd redhi greenhi bluehi brighthi area perimeter circ 
ImageA.jpg 1 1 0 3.439804e+01 1.235916e+02 5.229958e+01 8.875592e+01 2.452133e+00 1.140291e+01 4.581258e+00 7.746241e+00 39 142 60 102 12848 5.116930e+02 6.166325e-01 
ImageA.jpg 1 2 0 33 109 47 79 0 0 0 0 255 255 255 255 11 1.003200e+01 1.373496e+00 
ImageA.jpg 1 3 0 34 108 49 79 0 0 0 0 255 255 255 255 2 1.960000e+00 6.542259e+00 
ImageA.jpg 1 4 0 34 108 49 79 0 0 0 0 255 255 255 255 1 0 Inf 
ImageA.jpg 1 5 0 3.994351e+01 1.572655e+02 6.577768e+01 1.117691e+02 3.919702e+00 1.915851e+01 8.950744e+00 1.329638e+01 45 180 76 128 18604 5.327500e+02 8.237004e-01 
ImageA.jpg 1 6 0 34 107 51 79 0 0 0 0 255 255 255 255 1 0 Inf 
ImageA.jpg 1 7 0 3.397368e+01 1.085526e+02 4.960526e+01 7.955263e+01 9.149462e-01 7.240042e-01 7.547856e-01 7.240042e-01 36 110 51 81 38 2.922700e+01 5.590170e-01 
ImageA.jpg 1 8 0 34 1.082000e+02 4.920000e+01 7.920000e+01 6.666667e-01 4.216370e-01 4.216370e-01 4.216370e-01 35 109 50 80 10 1.095800e+01 1.046519e+00 
ImageA.jpg 1 9 0 3.872208e+01 1.529811e+02 6.315516e+01 1.085964e+02 3.491886e+00 1.723937e+01 7.578548e+00 1.183936e+01 44 178 74 126 21017 5.536250e+02 8.616863e-01 
ImageA.jpg 1 10 0 39 1.065000e+02 42 79 2.828427e+00 2.121320e+00 2.828427e+00 0 41 108 44 255 2 1.960000e+00 6.542259e+00 
ImageA.jpg 1 11 0 3.550000e+01 1.085000e+02 42 79 2.121320e+00 7.071068e-01 0 0 37 109 255 255 2 1.960000e+00 6.542259e+00 
ImageA.jpg 1 12 0 3.750000e+01 1.075000e+02 41 79 7.071068e-01 7.071068e-01 1.414214e+00 0 38 108 42 255 2 1.960000e+00 6.542259e+00 
ImageA.jpg 1 13 0 3.752819e+01 1.405225e+02 5.929325e+01 1.004632e+02 2.773153e+00 1.259937e+01 5.663349e+00 8.716917e+00 42 158 67 113 16689 5.076990e+02 8.136311e-01 
ImageA.jpg 1 14 0 4.050000e+01 1.065000e+02 48 8.016667e+01 2.258318e+00 3.563706e+00 2.966479e+00 1.471960e+00 44 110 52 82 6 7.501000e+00 1.340055e+00 
ImageA.jpg 1 15 0 3.490476e+01 1.135714e+02 4.271429e+01 8.195238e+01 1.513432e+00 3.340231e+00 2.951997e+00 2.312492e+00 37 119 46 86 21 1.630900e+01 9.921435e-01 
ImageA.jpg 1 16 0 3.723077e+01 1.116154e+02 4.776923e+01 82 3.789324e+00 3.905946e+00 2.350668e+00 1.825742e+00 42 116 51 84 13 1.554800e+01 6.757782e-01 
ImageA.jpg 1 17 0 4.050000e+01 1.045000e+02 49 79 7.071068e-01 7.071068e-01 2.828427e+00 0 41 105 51 255 2 1.960000e+00 6.542259e+00 
ImageA.jpg 1 18 1 4.455756e+01 1.836161e+02 7.343160e+01 1.294974e+02 5.211551e+00 2.689444e+01 1.162716e+01 1.846021e+01 51 214 86 150 17331 4.683340e+02 9.929380e-01 
ImageA.jpg 1 19 0 4.351439e+01 1.727962e+02 7.031103e+01 1.224720e+02 5.170055e+00 2.524149e+01 1.108074e+01 1.743735e+01 50 203 83 143 17722 5.076670e+02 8.641014e-01 
ImageA.jpg 1 20 0 3.938415e+01 1.573122e+02 6.407757e+01 1.114357e+02 4.960029e+00 2.357795e+01 1.007742e+01 1.631109e+01 47 191 78 135 15999 4.905480e+02 8.354870e-01 
ImageA.jpg 1 21 1 4.222963e+01 1.729291e+02 6.997836e+01 1.221240e+02 4.712300e+00 2.370213e+01 1.065719e+01 1.636932e+01 48 198 82 140 15664 4.596750e+02 9.315599e-01 
ImageA.jpg 1 22 1 4.638643e+01 1.966603e+02 7.693099e+01 1.380922e+02 6.492368e+00 3.579400e+01 1.346963e+01 2.428573e+01 55 242 93 169 20679 5.143160e+02 9.823796e-01 
ImageA.jpg 1 23 0 40 106 44 79 0 0 0 0 255 255 255 255 1 0 Inf 
ImageA.jpg 1 24 1 3.851829e+01 1.462067e+02 5.744753e+01 1.038840e+02 7.761150e+00 2.603015e+01 9.558249e+00 1.818298e+01 53 197 75 140 15038 4.693180e+02 8.579570e-01 
ImageA.jpg 1 25 0 34 108 47 79 0 0 0 0 255 255 255 255 1 0 Inf 
ImageA.jpg 1 26 0 4.916667e+01 1.125000e+02 6.033333e+01 8.766667e+01 4.875107e+00 3.781534e+00 4.802777e+00 4.457204e+00 56 118 67 94 6 5.516000e+00 2.478064e+00 
ImageA.jpg 1 27 0 3.420147e+01 1.253297e+02 5.178388e+01 8.971062e+01 2.608328e+00 9.917704e+00 4.442600e+00 6.763946e+00 39 141 59 101 546 1.514170e+02 2.992631e-01 
ImageA.jpg 1 28 1 4.813824e+01 2.036984e+02 7.863699e+01 1.429419e+02 9.227695e+00 3.845722e+01 1.527750e+01 2.648472e+01 58 254 95 176 20305 5.068900e+02 9.930827e-01 
ImageA.jpg 1 29 1 4.213905e+01 1.735652e+02 6.941663e+01 1.224135e+02 5.354254e+00 2.796963e+01 1.137630e+01 1.913221e+01 50 217 85 152 15390 4.455330e+02 9.742911e-01 
ImageA.jpg 1 30 0 4.667036e+01 1.916604e+02 7.618418e+01 1.351563e+02 6.378681e+00 3.333475e+01 1.276208e+01 2.275897e+01 56 241 92 168 21305 5.255460e+02 9.693262e-01 
ImageA.jpg 1 31 1 4.325715e+01 1.794700e+02 7.101975e+01 1.263982e+02 5.722828e+00 2.958516e+01 1.213715e+01 2.026130e+01 51 217 86 152 15948 4.609990e+02 9.430096e-01 
ImageA.jpg 1 32 0 4.357982e+01 1.769114e+02 7.124888e+01 1.250121e+02 5.542112e+00 2.778263e+01 1.176181e+01 1.911207e+01 51 213 85 150 8920 4.021690e+02 6.930388e-01 
ImageA.jpg 1 33 1 4.254382e+01 1.759657e+02 6.980686e+01 1.239756e+02 4.990542e+00 2.488550e+01 1.065655e+01 1.710832e+01 49 205 82 144 18598 4.933590e+02 9.601741e-01 
ImageA.jpg 1 34 1 4.493284e+01 1.896664e+02 7.413642e+01 1.332305e+02 6.376006e+00 3.342888e+01 1.270817e+01 2.276510e+01 55 244 92 170 41856 1.120953e+03 4.185938e-01 
ImageA.jpg 1 35 1 4.266889e+01 1.761197e+02 7.024933e+01 1.241579e+02 4.880039e+00 2.514078e+01 1.027597e+01 1.718266e+01 50 210 83 147 18722 5.067230e+02 9.162645e-01 
ImageA.jpg 1 36 0 4.350000e+01 1.093333e+02 5.466667e+01 8.333333e+01 7.713624e+00 6.250333e+00 5.085928e+00 3.559026e+00 51 115 58 88 6 9.800000e+00 7.850711e-01 
ImageA.jpg 1 37 1 4.429479e+01 1.854486e+02 7.239003e+01 1.303677e+02 5.850280e+00 3.082063e+01 1.208942e+01 2.106563e+01 52 222 87 156 15886 4.530340e+02 9.726640e-01 
ImageA.jpg 1 38 0 4.032439e+01 1.578684e+02 6.376835e+01 1.120013e+02 5.074252e+00 2.394312e+01 1.020479e+01 1.650490e+01 48 193 79 137 18191 5.876300e+02 6.620008e-01 
ImageA.jpg 1 39 0 4.044444e+01 108 5.111111e+01 8.122222e+01 4.333333e+00 3.278719e+00 4.106228e+00 1.481366e+00 46 112 57 83 9 1.114000e+01 9.113433e-01 
ImageA.jpg 1 40 1 4.127478e+01 1.700203e+02 6.739740e+01 1.198384e+02 4.583934e+00 2.379063e+01 1.041376e+01 1.633742e+01 48 198 80 139 18022 5.000580e+02 9.056744e-01 
ImageA.jpg 1 41 0 3.958024e+01 1.547539e+02 6.172763e+01 1.097135e+02 5.645066e+00 2.744094e+01 1.098083e+01 1.885596e+01 50 205 81 144 19125 6.500790e+02 5.686945e-01 
ImageA.jpg 1 42 1 3.983895e+01 1.614148e+02 6.426252e+01 1.139932e+02 4.061661e+00 2.057965e+01 9.166876e+00 1.417603e+01 45 184 75 130 16113 4.796900e+02 8.799641e-01 
ImageA.jpg 1 43 0 3.722826e+01 1.290290e+02 4.702536e+01 9.220652e+01 6.924691e+00 1.555609e+01 7.207275e+00 1.090508e+01 49 161 60 114 276 1.543870e+02 1.455116e-01 
ImageA.jpg 1 44 1 3.985787e+01 1.599684e+02 6.383378e+01 1.131157e+02 4.075196e+00 1.872380e+01 8.351324e+00 1.295412e+01 45 185 74 130 21712 5.495950e+02 9.032836e-01 
ImageA.jpg 1 45 0 3.650347e+01 1.399278e+02 5.728689e+01 9.958046e+01 2.720724e+00 1.292150e+01 5.910719e+00 8.922771e+00 41 158 66 112 15703 5.313160e+02 6.990153e-01 
ImageA.jpg 1 46 1 3.658753e+01 1.443850e+02 5.783715e+01 1.023016e+02 3.234625e+00 1.535323e+01 6.697074e+00 1.057872e+01 42 164 66 116 16377 4.982140e+02 8.291104e-01 
ImageA.jpg 1 47 0 4.152941e+01 1.089412e+02 4.952941e+01 82 2.672023e+00 2.135140e+00 3.023195e+00 1.620185e+00 46 112 55 85 17 1.780600e+01 6.737923e-01 
ImageA.jpg 1 48 0 3.636000e+01 1.116800e+02 4.732000e+01 8.180000e+01 4.535784e+00 3.567445e+00 3.579106e+00 2.254625e+00 43 116 52 86 25 1.928600e+01 8.446281e-01 
ImageA.jpg 1 49 1 3.905643e+01 1.588363e+02 6.302976e+01 1.121195e+02 4.156641e+00 2.040677e+01 9.378796e+00 1.411885e+01 45 185 75 130 20432 5.478440e+02 8.554742e-01 
ImageA.jpg 1 50 0 37 108 4.450000e+01 7.950000e+01 1.414214e+00 0 7.071068e-01 7.071068e-01 38 255 45 80 2 1.960000e+00 6.542259e+00 
ImageA.jpg 1 51 0 4.020000e+01 1.078000e+02 4.380000e+01 8.020000e+01 2.683282e+00 1.643168e+00 2.167948e+00 4.472136e-01 44 109 46 81 5 4.962000e+00 2.551916e+00 
ImageA.jpg 1 52 0 3.577158e+01 1.334744e+02 5.401129e+01 9.518222e+01 2.519704e+00 1.163529e+01 4.836617e+00 7.922143e+00 40 153 62 109 16925 5.900210e+02 6.109471e-01 
ImageA.jpg 1 53 0 3.311111e+01 1.151667e+02 4.272222e+01 8.238889e+01 3.496029e+00 3.258473e+00 4.098860e+00 2.090283e+00 39 120 50 86 18 1.319900e+01 1.298375e+00 
ImageA.jpg 1 54 0 31 110 44 79 0 0 0 0 255 255 255 255 1 0 Inf 
ImageA.jpg 1 55 1 3.794634e+01 1.511010e+02 5.991539e+01 1.068864e+02 3.541530e+00 1.651102e+01 7.678781e+00 1.139412e+01 43 172 69 121 17965 5.947020e+02 6.383198e-01 
ImageA.jpg 1 56 0 3.828571e+01 1.091429e+02 4.557143e+01 8.064286e+01 3.361057e+00 2.178819e+00 1.398586e+00 1.392681e+00 44 112 48 83 14 1.075100e+01 1.522089e+00 
ImageA.jpg 1 57 0 4.052174e+01 1.156957e+02 4.743478e+01 8.547826e+01 7.439878e+00 5.380392e+00 7.780080e+00 5.115658e+00 51 125 58 95 23 1.598600e+01 1.130988e+00 
ImageA.jpg 1 58 0 35 1.164615e+02 4.623077e+01 84 4.490731e+00 2.875627e+00 3.419402e+00 2.828427e+00 41 121 52 89 13 1.206600e+01 1.122087e+00 
ImageA.jpg 1 59 0 3.992941e+01 1.283529e+02 4.788235e+01 9.269412e+01 5.234474e+00 1.073901e+01 5.254050e+00 7.770554e+00 48 145 55 104 85 5.046400e+01 4.194358e-01 
ImageA.jpg 1 60 0 38 107 44 79 0 0 0 0 255 255 255 255 1 0 Inf 
ImageA.jpg 1 61 0 3.706940e+01 1.470266e+02 5.836909e+01 1.040561e+02 3.287181e+00 1.564385e+01 6.690574e+00 1.077839e+01 42 169 68 119 19624 5.570070e+02 7.948334e-01 
ImageA.jpg 1 62 0 3.385802e+01 1.241979e+02 5.079662e+01 8.880147e+01 2.090256e+00 7.920110e+00 3.347029e+00 5.389713e+00 37 138 56 98 12769 4.946580e+02 6.557777e-01 
ImageA.jpg 1 63 0 3.775000e+01 1.087500e+02 4.325000e+01 80 2.629956e+00 2.061553e+00 2.061553e+00 1.414214e+00 40 111 45 82 4 4.590000e+00 2.385857e+00 
ImageA.jpg 1 64 0 38 107 42 79 0 0 0 0 255 255 255 255 3 3.920000e+00 2.453347e+00 
ImageA.jpg 1 65 0 45 104 40 79 0 0 0 0 255 255 255 255 1 0 Inf 
ImageA.jpg 1 66 0 34 108 45 79 0 0 0 0 255 255 255 255 2 1.960000e+00 6.542259e+00 
ImageA.jpg 1 67 0 3.320854e+01 1.231918e+02 4.960186e+01 8.788119e+01 1.770128e+00 8.332393e+00 3.001906e+00 5.573883e+00 36 137 54 97 14098 4.764210e+02 7.805228e-01 
ImageA.jpg 1 68 0 33 109 4.450000e+01 79 0 0 5.773503e-01 0 255 255 45 255 4 5.880000e+00 1.453835e+00 
ImageB.jpg 2 1 0 33 118 51 85 0 0 0 0 255 255 255 255 5 6.368000e+00 1.549436e+00 
ImageB.jpg 2 2 0 3.430148e+01 1.227752e+02 5.332349e+01 8.837348e+01 1.420709e+00 3.582588e+00 1.957380e+00 2.491199e+00 36 129 56 93 3861 3.957700e+02 3.097590e-01 
ImageB.jpg 2 3 0 45 1.125000e+02 50 85 1.414214e+00 7.071068e-01 0 0 46 113 255 255 2 1.960000e+00 6.542259e+00 
ImageB.jpg 2 4 0 40 115 50 85 0 0 0 0 255 255 255 255 1 0 Inf 
ImageB.jpg 2 5 0 4.287500e+01 1.162500e+02 4.925000e+01 8.650000e+01 1.457738e+00 1.035098e+00 2.052873e+00 1.069045e+00 45 118 51 88 8 1.181000e+01 7.207756e-01 
ImageB.jpg 2 6 0 4.350000e+01 116 5.450000e+01 8.750000e+01 3.535534e+00 1.414214e+00 3.535534e+00 2.121320e+00 46 117 57 89 2 1.960000e+00 6.542259e+00 
ImageB.jpg 2 7 0 4.128571e+01 1.155714e+02 5.028571e+01 86 1.496026e+00 1.272418e+00 1.799471e+00 1 43 118 52 88 7 1.181000e+01 6.306786e-01 
ImageB.jpg 2 8 0 4.530435e+01 1.182609e+02 5.191304e+01 8.895652e+01 3.771120e+00 2.895410e+00 4.813929e+00 2.883783e+00 51 123 59 94 23 2.539000e+01 4.483450e-01 
ImageB.jpg 2 9 0 3.877147e+01 1.486629e+02 6.116520e+01 1.058287e+02 4.393493e+00 1.916081e+01 7.762687e+00 1.321600e+01 43 168 70 119 15950 4.623210e+02 9.377419e-01 
ImageB.jpg 2 10 0 3.807692e+01 1.193846e+02 4.484615e+01 8.653846e+01 2.596842e+00 2.218801e+00 2.230327e+00 1.391365e+00 43 122 50 89 13 1.386900e+01 8.493035e-01 
ImageB.jpg 2 11 0 37 1.197500e+02 3.875000e+01 8.575000e+01 1.414214e+00 1.892969e+00 1.500000e+00 5.000000e-01 39 121 41 86 4 5.053000e+00 1.968662e+00 
ImageB.jpg 2 12 0 3.546396e+01 1.300570e+02 5.462797e+01 9.315322e+01 1.972252e+00 8.467799e+00 3.690687e+00 5.759902e+00 39 145 62 103 8158 5.658210e+02 3.202104e-01 
ImageB.jpg 2 13 0 3.530141e+01 1.227024e+02 5.329146e+01 8.858776e+01 1.531023e+00 3.913758e+00 2.045797e+00 2.658216e+00 38 130 57 93 7435 8.622410e+02 1.256705e-01 
ImageB.jpg 2 14 0 36 117 51 85 0 0 0 0 255 255 255 255 1 0 Inf 
ImageB.jpg 2 15 0 38 1.199412e+02 4.741176e+01 8.705882e+01 3.297726e+00 2.771971e+00 3.279840e+00 1.675955e+00 45 125 54 91 17 1.638300e+01 7.959246e-01 
ImageB.jpg 2 16 0 36 116 53 85 0 0 0 0 255 255 255 255 2 1.960000e+00 6.542259e+00 
ImageB.jpg 2 17 0 3.928278e+01 1.545267e+02 6.378203e+01 1.097420e+02 3.308201e+00 1.610107e+01 7.061005e+00 1.111667e+01 44 174 73 123 12621 4.177870e+02 9.086440e-01 
ImageB.jpg 2 18 0 35 117 51 85 0 0 0 0 255 255 255 255 2 1.960000e+00 6.542259e+00 
ImageB.jpg 2 19 0 36 117 51 85 0 0 0 0 255 255 255 255 1 0 Inf 
ImageB.jpg 2 20 0 36 117 51 85 0 0 0 0 255 255 255 255 1 0 Inf 
ImageB.jpg 2 21 0 3.637500e+01 1.168750e+02 5.250000e+01 8.550000e+01 1.060660e+00 6.408699e-01 1.690309e+00 7.559289e-01 38 118 55 87 8 8.328000e+00 1.449501e+00 
ImageB.jpg 2 22 0 36 116 53 85 0 0 0 0 255 255 255 255 2 1.960000e+00 6.542259e+00 
ImageB.jpg 2 23 0 3.525000e+01 1.175000e+02 5.075000e+01 8.525000e+01 1.707825e+00 1 9.574271e-01 5.000000e-01 37 118 52 86 4 4.590000e+00 2.385857e+00 
ImageB.jpg 2 24 0 3.644444e+01 1.156667e+02 5.277778e+01 85 5.270463e-01 7.071068e-01 6.666667e-01 0 37 117 53 255 9 8.791000e+00 1.463443e+00 
ImageB.jpg 2 25 0 35 118 50 85 0 0 0 0 255 255 255 255 1 0 Inf 
ImageB.jpg 2 26 0 3.662500e+01 1.165000e+02 5.137500e+01 8.512500e+01 7.440238e-01 7.559289e-01 7.440238e-01 3.535534e-01 37 118 53 86 8 8.328000e+00 1.449501e+00 
ImageB.jpg 2 27 0 3.650000e+01 1.165000e+02 51 85 7.071068e-01 7.071068e-01 0 0 37 117 255 255 2 1.960000e+00 6.542259e+00 
ImageB.jpg 2 28 0 3.550000e+01 117 51 85 7.071068e-01 0 0 0 36 255 255 255 2 1.960000e+00 6.542259e+00 
ImageB.jpg 2 29 0 3.620000e+01 1.162000e+02 5.320000e+01 8.520000e+01 4.472136e-01 4.472136e-01 4.472136e-01 4.472136e-01 37 117 54 86 5 6.368000e+00 1.549436e+00 
ImageB.jpg 2 30 0 3.447125e+01 1.227721e+02 5.323956e+01 8.839528e+01 1.400358e+00 3.486768e+00 1.931407e+00 2.345715e+00 37 129 57 92 2922 3.726370e+02 2.644345e-01 
ImageB.jpg 2 31 0 36 118 44 85 0 0 0 0 255 255 255 255 1 0 Inf 
ImageB.jpg 2 32 0 38 1.165000e+02 45 85 2.828427e+00 2.121320e+00 1.414214e+00 0 40 118 46 255 2 1.960000e+00 6.542259e+00 
ImageB.jpg 2 33 0 36 117 51 85 0 0 0 0 255 255 255 255 1 0 Inf 
ImageB.jpg 2 34 1 4.271822e+01 1.745454e+02 7.110801e+01 1.233497e+02 4.889435e+00 2.356425e+01 1.017300e+01 1.627016e+01 50 206 84 145 39357 1.155737e+03 3.702660e-01 
ImageB.jpg 2 35 1 4.057494e+01 1.633672e+02 6.693409e+01 1.156837e+02 3.480885e+00 1.702914e+01 8.157246e+00 1.178585e+01 45 184 77 130 17054 5.616470e+02 6.793745e-01 
ImageB.jpg 2 36 1 4.035937e+01 1.629621e+02 6.696867e+01 1.153796e+02 3.681678e+00 1.784687e+01 7.997121e+00 1.230905e+01 46 187 78 132 17461 5.253320e+02 7.950808e-01 
ImageB.jpg 2 37 0 4.338889e+01 1.207222e+02 5.372222e+01 8.988889e+01 5.637468e+00 3.847162e+00 4.055578e+00 3.479163e+00 53 126 61 96 18 1.405100e+01 1.145692e+00 
ImageB.jpg 2 38 0 40 116 52 86 0 0 0 0 255 255 255 255 2 1.960000e+00 6.542259e+00 
ImageB.jpg 2 39 1 4.405856e+01 1.811502e+02 7.283475e+01 1.278183e+02 5.303499e+00 2.602155e+01 1.093379e+01 1.793572e+01 51 212 85 149 15147 4.629410e+02 8.881477e-01 
ImageB.jpg 2 40 0 4.003296e+01 1.541699e+02 6.363757e+01 1.097287e+02 4.136757e+00 1.852992e+01 8.159696e+00 1.280656e+01 46 181 76 129 16199 5.369100e+02 7.061469e-01 
ImageB.jpg 2 41 0 3.923810e+01 1.250317e+02 4.933333e+01 9.079365e+01 4.969956e+00 6.525306e+00 4.091691e+00 4.704695e+00 46 137 57 101 63 4.138400e+01 4.622591e-01 
ImageB.jpg 2 42 0 3.433333e+01 1.178333e+02 5.150000e+01 8.533333e+01 8.164966e-01 9.831921e-01 8.366600e-01 5.163978e-01 35 119 53 86 6 6.186000e+00 1.970340e+00 
ImageB.jpg 2 43 0 37 1.175000e+02 5.187500e+01 8.587500e+01 1.069045e+00 7.559289e-01 6.408699e-01 6.408699e-01 39 118 53 87 8 7.476000e+00 1.798710e+00 
ImageB.jpg 2 44 1 4.510630e+01 1.882673e+02 7.480948e+01 1.325542e+02 5.596210e+00 2.888721e+01 1.174427e+01 1.978843e+01 53 226 89 158 17893 5.049550e+02 8.818357e-01 
ImageB.jpg 2 45 1 4.296416e+01 1.771885e+02 7.101916e+01 1.249523e+02 4.867114e+00 2.434984e+01 1.062625e+01 1.679109e+01 49 206 83 145 16128 4.940360e+02 8.303729e-01 
ImageB.jpg 2 46 0 4.458344e+01 1.788363e+02 7.080157e+01 1.263911e+02 7.305801e+00 3.551694e+01 1.309689e+01 2.427804e+01 58 247 93 173 20194 5.300130e+02 9.033565e-01 
ImageB.jpg 2 47 1 4.436909e+01 1.815724e+02 7.262454e+01 1.281471e+02 5.046239e+00 2.417461e+01 9.932880e+00 1.665814e+01 52 214 85 151 21965 5.393490e+02 9.488582e-01 
ImageB.jpg 2 48 0 43 1.146667e+02 4.966667e+01 8.566667e+01 3 2.516611e+00 1.154701e+00 5.773503e-01 46 117 51 86 3 3.093000e+00 3.940681e+00 
ImageB.jpg 2 49 0 4.360641e+01 1.749965e+02 7.086329e+01 1.238494e+02 4.883842e+00 2.185361e+01 9.645837e+00 1.518230e+01 51 205 83 145 34978 9.579430e+02 4.789890e-01 
ImageB.jpg 2 50 1 4.299554e+01 1.782911e+02 7.056639e+01 1.255719e+02 5.526555e+00 2.895175e+01 1.143739e+01 1.976995e+01 52 227 87 159 37926 1.026547e+03 4.522611e-01 
ImageB.jpg 2 51 0 36 117 48 85 0 0 0 0 255 255 255 255 1 0 Inf 
ImageB.jpg 2 52 0 38 1.174000e+02 4.180000e+01 85 1.414214e+00 5.477226e-01 4.472136e-01 0 39 118 42 255 5 4.962000e+00 2.551916e+00 
ImageB.jpg 2 53 0 36 118 44 85 0 0 0 0 255 255 255 255 1 0 Inf 
ImageB.jpg 2 54 0 4.034783e+01 1.251739e+02 4.739130e+01 9.086957e+01 7.565524e+00 4.735285e+00 7.120643e+00 4.864569e+00 52 133 59 100 23 2.011300e+01 7.144700e-01 
ImageB.jpg 2 55 0 4.182051e+01 1.317692e+02 5.020513e+01 9.553846e+01 8.087911e+00 1.024043e+01 7.097737e+00 8.274393e+00 56 151 62 111 39 2.209800e+01 1.003618e+00 
ImageB.jpg 2 56 0 3.860465e+01 1.226279e+02 5.037209e+01 8.930233e+01 5.301121e+00 3.988216e+00 5.524936e+00 3.363211e+00 47 128 59 95 43 2.980600e+01 6.082343e-01 
ImageB.jpg 2 57 1 4.389768e+01 1.836640e+02 7.227111e+01 1.291989e+02 5.123557e+00 2.558078e+01 1.088404e+01 1.758941e+01 51 216 85 151 18531 4.979980e+02 9.389739e-01 
ImageB.jpg 2 58 0 29 122 41 85 0 0 0 0 255 255 255 255 1 0 Inf 
ImageB.jpg 2 59 1 4.679158e+01 2.009688e+02 7.685997e+01 1.407382e+02 6.183015e+00 3.418919e+01 1.250046e+01 2.313952e+01 55 246 91 171 21860 5.407720e+02 9.393591e-01 
ImageB.jpg 2 60 1 4.309183e+01 1.750226e+02 7.003367e+01 1.236188e+02 4.805144e+00 2.265381e+01 1.004012e+01 1.564464e+01 50 204 82 144 17315 5.072530e+02 8.456353e-01 
ImageB.jpg 2 61 0 42 115 46 85 0 0 0 0 255 255 255 255 1 0 Inf 
ImageB.jpg 2 62 1 4.533455e+01 1.927533e+02 7.399889e+01 1.351536e+02 5.802103e+00 3.123684e+01 1.192241e+01 2.124060e+01 54 234 88 163 20741 5.206590e+02 9.614635e-01 
ImageB.jpg 2 63 0 4.219866e+01 1.684274e+02 6.809536e+01 1.192547e+02 4.141923e+00 2.008635e+01 9.083420e+00 1.390322e+01 48 192 79 135 16863 4.880810e+02 8.895306e-01 
ImageB.jpg 2 64 0 4.185714e+01 1.177143e+02 5.342857e+01 8.771429e+01 3.891382e+00 1.889822e+00 2.760262e+00 1.380131e+00 46 120 57 90 7 8.328000e+00 1.268313e+00 
ImageB.jpg 2 65 0 3.935714e+01 1.200714e+02 53 8.835714e+01 4.683968e+00 3.384678e+00 5.817745e+00 3.152707e+00 49 127 65 95 14 1.441500e+01 8.466592e-01 
ImageB.jpg 2 66 0 4.420000e+01 1.154000e+02 4.880000e+01 8.640000e+01 5.630275e+00 2.607681e+00 4.324350e+00 2.190890e+00 49 118 55 90 5 7.592000e+00 1.090103e+00 
ImageB.jpg 2 67 0 37 1.176667e+02 4.866667e+01 8.566667e+01 1 1.154701e+00 2.081666e+00 5.773503e-01 38 119 51 86 3 3.093000e+00 3.940681e+00 
ImageB.jpg 2 68 1 4.269149e+01 1.788888e+02 7.014595e+01 1.257866e+02 5.003984e+00 2.581294e+01 1.059074e+01 1.765521e+01 50 213 83 149 20884 5.895670e+02 7.550178e-01 
ImageB.jpg 2 69 0 37 117 49 8.533333e+01 2.645751e+00 1 1.732051e+00 5.773503e-01 40 118 51 86 3 3.093000e+00 3.940681e+00 
ImageC.jpg 3 1 0 3.224196e+01 1.149169e+02 4.992155e+01 8.274555e+01 1.935634e+00 6.073636e+00 3.200596e+00 4.255026e+00 35 124 54 89 8642 3.653340e+02 8.136618e-01 
ImageC.jpg 3 2 0 31 102 4.516667e+01 74 0 0 1.029857e+00 0 255 255 46 255 12 1.160300e+01 1.120084e+00 
ImageC.jpg 3 3 0 30 1.024375e+02 4.412500e+01 74 1.032796e+00 5.123475e-01 5.000000e-01 0 31 103 46 255 16 1.531600e+01 8.571151e-01 
ImageC.jpg 3 4 0 3.112137e+01 1.042269e+02 4.594679e+01 7.562049e+01 1.045069e+00 1.725933e+00 1.381571e+00 1.325158e+00 33 107 48 78 2274 3.380010e+02 2.501292e-01 
ImageC.jpg 3 5 0 3.144444e+01 1.021111e+02 4.461111e+01 7.427778e+01 6.156988e-01 5.829831e-01 9.164438e-01 4.608886e-01 33 103 47 75 18 1.414200e+01 1.130995e+00 
ImageC.jpg 3 6 0 31 102 44 74 0 0 0 0 255 255 255 255 2 1.960000e+00 6.542259e+00 
ImageC.jpg 3 7 0 3.116667e+01 1.018333e+02 46 74 3.834825e-01 3.834825e-01 0 0 32 102 255 255 18 1.536600e+01 9.579894e-01 
ImageC.jpg 3 8 0 3.126103e+01 1.068964e+02 4.676047e+01 7.746013e+01 1.491111e+00 3.558133e+00 2.021442e+00 2.545868e+00 34 113 50 82 6233 6.145470e+02 2.073943e-01 
ImageC.jpg 3 9 0 31 102 44 74 0 0 0 0 255 255 255 255 6 6.368000e+00 1.859324e+00 
ImageC.jpg 3 10 0 2.950000e+01 1.027500e+02 44 74 1 5.000000e-01 0 0 31 103 255 255 4 4.590000e+00 2.385857e+00 
ImageC.jpg 3 11 0 32 101 46 74 0 0 0 0 255 255 255 255 3 3.920000e+00 2.453347e+00 
ImageC.jpg 3 12 0 3.250000e+01 1.015000e+02 4.450000e+01 7.450000e+01 5.773503e-01 5.773503e-01 5.773503e-01 5.773503e-01 33 102 45 75 4 5.880000e+00 1.453835e+00 
ImageC.jpg 3 13 0 32 101 44 74 0 0 0 0 255 255 255 255 2 1.960000e+00 6.542259e+00 
ImageC.jpg 3 14 0 3.326829e+01 1.066829e+02 4.470732e+01 7.765854e+01 3.138665e+00 3.319932e+00 3.348462e+00 2.912128e+00 39 113 50 83 41 2.648100e+01 7.347252e-01 
ImageC.jpg 3 15 0 3.355987e+01 1.182125e+02 5.113723e+01 8.521596e+01 1.811748e+00 7.559453e+00 3.773816e+00 5.183852e+00 36 130 57 93 12169 4.280230e+02 8.347002e-01 
ImageC.jpg 3 16 0 3.706977e+01 1.186848e+02 4.457106e+01 8.583204e+01 5.571280e+00 1.244361e+01 6.633405e+00 8.636302e+00 47 139 55 100 387 2.108490e+02 1.093900e-01 
ImageC.jpg 3 17 0 3.220000e+01 1.012000e+02 4.420000e+01 7.420000e+01 4.472136e-01 4.472136e-01 4.472136e-01 4.472136e-01 33 102 45 75 5 4.962000e+00 2.551916e+00 
ImageC.jpg 3 18 0 3.679545e+01 1.134697e+02 4.079924e+01 8.223106e+01 5.204909e+00 8.577927e+00 4.860158e+00 5.530044e+00 44 129 49 92 264 1.833250e+02 9.871210e-02 
ImageC.jpg 3 19 0 3.192197e+01 1.100792e+02 4.655665e+01 7.945087e+01 2.135446e+00 7.628982e+00 3.364750e+00 5.208233e+00 36 126 53 90 1730 3.212800e+02 2.106147e-01 
ImageC.jpg 3 20 0 3.506993e+01 1.168601e+02 4.445455e+01 8.411189e+01 4.638556e+00 1.116496e+01 5.392649e+00 7.985114e+00 42 138 53 99 143 6.068700e+01 4.879267e-01 
ImageC.jpg 3 21 0 3.653293e+01 1.353730e+02 5.644679e+01 9.680111e+01 2.738423e+00 1.290509e+01 5.704338e+00 8.887636e+00 41 154 64 110 16567 4.744960e+02 9.246740e-01 
ImageC.jpg 3 22 0 35 100 42 74 0 0 0 0 255 255 255 255 1 0 Inf 
ImageC.jpg 3 23 0 32 101 44 74 0 0 0 0 255 255 255 255 3 3.093000e+00 3.940681e+00 
ImageC.jpg 3 24 0 3.402542e+01 1.173571e+02 4.544391e+01 8.421385e+01 5.097752e+00 1.286735e+01 5.789123e+00 9.174752e+00 44 146 56 105 2282 4.329460e+02 1.529882e-01 
ImageC.jpg 3 25 0 32 101 44 74 0 0 0 0 255 255 255 255 3 3.093000e+00 3.940681e+00 
ImageC.jpg 3 26 0 3.615789e+01 1.051579e+02 4.152632e+01 7.736842e+01 3.563132e+00 3.253428e+00 2.874571e+00 2.629122e+00 43 110 46 82 19 1.721000e+01 8.061238e-01 
ImageC.jpg 3 27 0 3.105063e+01 1.048228e+02 4.458228e+01 7.589873e+01 1.825031e+00 2.263192e+00 1.938858e+00 1.428599e+00 34 108 47 78 79 3.079800e+01 1.046627e+00 
ImageC.jpg 3 28 0 27 1.035000e+02 44 74 1.414214e+00 7.071068e-01 0 0 28 104 255 255 2 1.960000e+00 6.542259e+00 
ImageC.jpg 3 29 0 3.635000e+01 1.011000e+02 4.630000e+01 7.555000e+01 3.183427e+00 2.531902e+00 3.096688e+00 1.468081e+00 41 104 52 79 20 2.064200e+01 5.898428e-01 
ImageC.jpg 3 30 0 4.002043e+01 1.598357e+02 6.636200e+01 1.133736e+02 4.269764e+00 2.159359e+01 9.860574e+00 1.493522e+01 46 186 78 132 20602 5.223210e+02 9.489521e-01 
ImageC.jpg 3 31 0 3.198679e+01 1.051956e+02 4.648629e+01 7.659633e+01 1.335903e+00 2.312642e+00 1.670772e+00 1.693047e+00 34 109 49 79 5071 4.990370e+02 2.558810e-01 
ImageC.jpg 3 32 0 3.511196e+01 1.250031e+02 5.259847e+01 8.984827e+01 2.502290e+00 1.070973e+01 4.581272e+00 7.346950e+00 39 141 59 101 17122 5.273660e+02 7.736421e-01 
ImageC.jpg 3 33 0 3.701053e+01 1.072316e+02 4.350526e+01 7.893684e+01 4.116637e+00 4.675542e+00 3.616963e+00 3.274045e+00 43 115 50 85 95 6.364800e+01 2.946890e-01 
ImageC.jpg 3 34 0 33 100 46 74 0 0 0 0 255 255 255 255 1 0 Inf 
ImageC.jpg 3 35 0 3.211628e+01 1.011163e+02 4.611628e+01 7.411628e+01 3.243530e-01 3.243530e-01 3.243530e-01 3.243530e-01 33 102 47 75 43 3.337800e+01 4.850178e-01 
ImageC.jpg 3 36 0 33 100 46 74 0 0 0 0 255 255 255 255 3 3.093000e+00 3.940681e+00 
ImageC.jpg 3 37 0 33 100 46 74 0 0 0 0 255 255 255 255 3 3.093000e+00 3.940681e+00 
ImageC.jpg 3 38 0 33 100 46 74 0 0 0 0 255 255 255 255 11 1.010600e+01 1.353455e+00 
ImageC.jpg 3 39 1 4.436637e+01 1.826254e+02 7.319441e+01 1.288334e+02 5.779554e+00 3.065418e+01 1.265089e+01 2.099093e+01 52 223 88 156 22679 5.375630e+02 9.862228e-01 
ImageC.jpg 3 40 0 3.150000e+01 1.018333e+02 4.616667e+01 7.416667e+01 5.477226e-01 7.527727e-01 4.082483e-01 4.082483e-01 32 103 47 75 6 5.516000e+00 2.478064e+00 
ImageC.jpg 3 41 0 39 97 46 74 0 0 0 0 255 255 255 255 1 0 Inf 
ImageC.jpg 3 42 0 42 9.975000e+01 4.750000e+01 7.650000e+01 3.741657e+00 1.258306e+00 1.914854e+00 1 46 101 49 77 4 3.556000e+00 3.975084e+00 
ImageC.jpg 3 43 1 4.062390e+01 1.632567e+02 6.691247e+01 1.156166e+02 4.761648e+00 2.399353e+01 1.057905e+01 1.654908e+01 47 194 80 137 40923 1.034710e+03 4.803304e-01 
ImageC.jpg 3 44 1 4.081536e+01 1.630532e+02 6.630000e+01 1.154746e+02 4.969921e+00 2.502804e+01 1.146238e+01 1.727190e+01 47 192 80 135 15690 4.627590e+02 9.207104e-01 
ImageC.jpg 3 45 0 3.422119e+01 1.268778e+02 5.300745e+01 9.072802e+01 2.137720e+00 1.041073e+01 4.620089e+00 7.081106e+00 37 141 59 100 15299 4.686150e+02 8.754685e-01 
ImageC.jpg 3 46 0 3.657742e+01 1.409478e+02 5.848223e+01 1.003360e+02 3.257855e+00 1.581961e+01 7.088331e+00 1.092348e+01 42 162 68 115 17869 5.288780e+02 8.027847e-01 
ImageC.jpg 3 47 0 3.869231e+01 1.007692e+02 4.746154e+01 7.607692e+01 3.301126e+00 1.640825e+00 2.633609e+00 1.552500e+00 43 103 51 79 13 1.469600e+01 7.564059e-01 
ImageC.jpg 3 48 1 4.532827e+01 1.864344e+02 7.476842e+01 1.315260e+02 6.175080e+00 3.238357e+01 1.269350e+01 2.212668e+01 54 230 90 161 23240 5.440720e+02 9.865821e-01 
ImageC.jpg 3 49 0 3.637500e+01 1.012500e+02 4.687500e+01 7.562500e+01 2.559994e+00 1.488048e+00 2.531939e+00 1.407886e+00 40 103 50 78 8 8.146000e+00 1.514994e+00 
ImageC.jpg 3 50 0 2.984615e+01 1.033077e+02 4.707692e+01 75 1.281025e+00 1.601282e+00 1.187542e+00 1.224745e+00 32 106 49 77 13 1.095800e+01 1.360475e+00 
ImageC.jpg 3 51 0 29 103 44 74 0 0 0 0 255 255 255 255 1 0 Inf 
ImageC.jpg 3 52 0 3.738452e+01 1.354560e+02 5.655770e+01 9.712467e+01 2.823345e+00 1.328047e+01 6.315426e+00 9.193832e+00 41 150 64 107 5607 3.158290e+02 7.063768e-01 
ImageC.jpg 3 53 0 32 101 44 74 0 0 0 0 255 255 255 255 1 0 Inf 
ImageC.jpg 3 54 1 4.135686e+01 1.678558e+02 6.773287e+01 1.186351e+02 6.027480e+00 2.989158e+01 1.216238e+01 2.049879e+01 51 213 85 150 19369 4.979490e+02 9.816289e-01 
ImageC.jpg 3 55 1 4.263405e+01 1.738731e+02 7.002660e+01 1.228009e+02 5.191933e+00 2.632498e+01 1.155486e+01 1.811749e+01 50 205 83 144 18459 4.886370e+02 9.715057e-01 
ImageC.jpg 3 56 0 3.775303e+01 1.483084e+02 6.051649e+01 1.052638e+02 3.541980e+00 1.891599e+01 8.308798e+00 1.299031e+01 42 170 70 120 15828 4.756120e+02 8.792863e-01 
ImageC.jpg 3 57 1 4.376852e+01 1.827189e+02 7.120960e+01 1.284750e+02 7.588220e+00 3.834423e+01 1.422972e+01 2.612729e+01 57 252 94 175 21250 5.238430e+02 9.731202e-01 
ImageC.jpg 3 58 0 32 102 42 74 0 0 0 0 255 255 255 255 1 0 Inf 
ImageC.jpg 3 59 1 4.282721e+01 1.768244e+02 7.065002e+01 1.246639e+02 4.957264e+00 2.609570e+01 1.073451e+01 1.784089e+01 50 210 84 147 22767 5.394910e+02 9.829858e-01 
ImageC.jpg 3 60 1 4.561485e+01 1.935384e+02 7.508391e+01 1.358276e+02 6.469017e+00 3.565612e+01 1.335363e+01 2.419014e+01 55 248 93 172 43095 9.812020e+02 5.624966e-01 
ImageC.jpg 3 61 0 3.666667e+01 9.966667e+01 3.966667e+01 74 1.154701e+00 5.773503e-01 5.773503e-01 0 38 100 40 255 3 3.920000e+00 2.453347e+00 
ImageC.jpg 3 62 0 3.959588e+01 1.590831e+02 6.398233e+01 1.125436e+02 4.186313e+00 2.107195e+01 9.662535e+00 1.452638e+01 45 184 75 130 18623 4.968660e+02 9.479402e-01 
ImageC.jpg 3 63 1 3.956104e+01 1.576063e+02 6.290653e+01 1.115223e+02 5.187087e+00 2.523267e+01 1.125400e+01 1.737603e+01 47 190 78 134 16669 6.202500e+02 5.444849e-01 
ImageC.jpg 3 64 0 3.944956e+01 1.492946e+02 6.075261e+01 1.063688e+02 3.937951e+00 1.850132e+01 8.404227e+00 1.284806e+01 45 170 71 121 9398 4.148960e+02 6.860674e-01 
ImageC.jpg 3 65 0 4.065519e+01 1.603354e+02 6.541436e+01 1.137489e+02 4.373002e+00 2.125198e+01 9.618742e+00 1.465025e+01 47 186 77 132 20043 5.171600e+02 9.417220e-01 
ImageC.jpg 3 66 1 4.148112e+01 1.690815e+02 6.765925e+01 1.193787e+02 4.749129e+00 2.437861e+01 1.075630e+01 1.673983e+01 48 198 80 140 18066 4.868750e+02 9.577164e-01 
ImageC.jpg 3 67 1 4.232341e+01 1.717797e+02 6.823088e+01 1.212798e+02 5.451792e+00 2.662783e+01 1.169989e+01 1.835051e+01 49 202 81 142 17767 4.775790e+02 9.788892e-01 
ImageC.jpg 3 68 0 3.742859e+01 1.428090e+02 5.768745e+01 1.016021e+02 3.185023e+00 1.574684e+01 6.707001e+00 1.076747e+01 42 165 66 116 18381 5.354850e+02 8.055349e-01 
ImageC.jpg 3 69 1 4.262936e+01 1.769624e+02 6.964218e+01 1.245650e+02 5.452659e+00 2.874095e+01 1.208144e+01 1.970292e+01 50 210 83 147 18487 4.879180e+02 9.758490e-01 
ImageC.jpg 3 70 0 39 98 4.050000e+01 74 1.414214e+00 1.414214e+00 2.121320e+00 0 40 99 42 255 2 1.960000e+00 6.542259e+00 
ImageC.jpg 3 71 0 3.695834e+01 1.455422e+02 5.879246e+01 1.031884e+02 3.780300e+00 1.854734e+01 7.910417e+00 1.275446e+01 42 169 69 120 20117 5.596200e+02 8.072102e-01 
ImageC.jpg 3 72 0 38 98 46 74 0 0 0 0 255 255 255 255 1 0 Inf 
ImageC.jpg 3 73 0 35 1.005000e+02 4.150000e+01 7.450000e+01 2.828427e+00 7.071068e-01 2.121320e+00 7.071068e-01 37 101 43 75 2 1.960000e+00 6.542259e+00 
ImageC.jpg 3 74 0 33 1.005000e+02 4.750000e+01 74 2.828427e+00 2.121320e+00 2.121320e+00 0 35 102 49 255 2 1.960000e+00 6.542259e+00 
ImageC.jpg 3 75 0 3.850000e+01 99 4.475000e+01 7.475000e+01 2.645751e+00 2.160247e+00 1.258306e+00 5.000000e-01 42 101 46 75 4 4.590000e+00 2.385857e+00 
ImageC.jpg 3 76 0 2.825000e+01 1.042500e+02 3.950000e+01 7.425000e+01 2.872281e+00 1.500000e+00 5.773503e-01 5.000000e-01 32 105 40 75 4 5.053000e+00 1.968662e+00 
ImageC.jpg 3 77 0 3.625000e+01 1.002500e+02 3.975000e+01 7.425000e+01 3.774917e+00 2.061553e+00 9.574271e-01 5.000000e-01 40 102 41 75 4 3.556000e+00 3.975084e+00 
ImageD.jpg 4 1 0 3.148610e+01 1.088996e+02 4.834902e+01 7.887461e+01 1.504379e+00 3.129135e+00 2.162245e+00 2.186359e+00 34 114 52 82 3166 2.718980e+02 5.381567e-01 
ImageD.jpg 4 2 0 32 103 45 75 0 0 0 0 255 255 255 255 1 0 Inf 
ImageD.jpg 4 3 0 3.342881e+01 1.177275e+02 5.111801e+01 8.489003e+01 1.930377e+00 7.475199e+00 3.286717e+00 5.090103e+00 37 130 56 93 12558 4.382210e+02 8.217581e-01 
ImageD.jpg 4 4 0 3.475000e+01 103 3.875000e+01 7.525000e+01 9.574271e-01 8.164966e-01 9.574271e-01 5.000000e-01 36 104 40 76 4 5.880000e+00 1.453835e+00 
ImageD.jpg 4 5 0 3.214216e+01 1.044167e+02 4.565196e+01 7.602451e+01 1.265062e+00 1.250780e+00 1.055805e+00 8.846737e-01 34 106 47 77 204 5.938000e+01 7.270422e-01 
ImageD.jpg 4 6 0 3.251429e+01 1.033429e+02 4.602857e+01 7.542857e+01 6.537042e-01 6.785687e-01 1.089760e+00 6.036466e-01 34 105 48 77 70 4.154900e+01 5.095499e-01 
ImageD.jpg 4 7 0 3.242857e+01 1.028571e+02 4.514286e+01 7.514286e+01 5.345225e-01 6.900656e-01 3.779645e-01 3.779645e-01 33 104 46 76 7 9.461000e+00 9.827291e-01 
ImageD.jpg 4 8 0 3.255556e+01 1.031111e+02 4.622222e+01 7.533333e+01 5.270463e-01 7.817360e-01 1.092906e+00 5.000000e-01 33 104 48 76 9 1.338100e+01 6.316482e-01 
ImageD.jpg 4 9 0 32 103 4.525000e+01 75 0 0 6.831301e-01 0 255 255 47 255 16 1.531600e+01 8.571151e-01 
ImageD.jpg 4 10 0 32 103 45 75 0 0 0 0 255 255 255 255 1 0 Inf 
ImageD.jpg 4 11 0 32 103 45 75 0 0 0 0 255 255 255 255 5 4.962000e+00 2.551916e+00 
ImageD.jpg 4 12 0 3.420301e+01 1.226605e+02 5.277232e+01 8.819528e+01 1.954419e+00 9.170853e+00 4.094433e+00 6.196716e+00 37 136 59 97 14753 4.755690e+02 8.197155e-01 
ImageD.jpg 4 13 1 4.105010e+01 1.620153e+02 6.646358e+01 1.149667e+02 4.390127e+00 2.250101e+01 1.016238e+01 1.551459e+01 46 186 78 132 16267 4.693010e+02 9.281419e-01 
ImageD.jpg 4 14 1 4.504510e+01 1.861427e+02 7.448447e+01 1.312455e+02 6.065260e+00 3.169680e+01 1.280939e+01 2.170596e+01 53 226 89 159 20154 5.132740e+02 9.613302e-01 
ImageD.jpg 4 15 1 4.263041e+01 1.729823e+02 7.014075e+01 1.223076e+02 4.681166e+00 2.432845e+01 1.107963e+01 1.673073e+01 49 200 82 141 17449 4.697650e+02 9.936172e-01 
ImageD.jpg 4 16 0 4.045604e+01 1.552889e+02 6.421175e+01 1.105854e+02 4.362113e+00 2.217326e+01 1.010257e+01 1.531008e+01 46 180 76 128 15797 4.940710e+02 8.132157e-01 
ImageD.jpg 4 17 1 4.588521e+01 1.927566e+02 7.595064e+01 1.355395e+02 6.550004e+00 3.568916e+01 1.369573e+01 2.430894e+01 54 237 91 165 18477 4.902590e+02 9.660290e-01 
ImageD.jpg 4 18 1 4.429507e+01 1.825443e+02 7.313061e+01 1.287485e+02 5.456509e+00 2.884840e+01 1.197308e+01 1.975258e+01 52 222 88 155 36022 9.095910e+02 5.471235e-01 
ImageD.jpg 4 19 0 3.533333e+01 104 4.966667e+01 7.733333e+01 3.214550e+00 1.732051e+00 1.527525e+00 1.154701e+00 39 106 51 78 3 3.093000e+00 3.940681e+00 
ImageD.jpg 4 20 0 4.154391e+01 1.683855e+02 6.821718e+01 1.190517e+02 5.043767e+00 2.630114e+01 1.150315e+01 1.808894e+01 48 200 82 141 20476 5.265720e+02 9.279818e-01 
ImageD.jpg 4 21 0 4.550541e+01 1.836490e+02 7.319852e+01 1.297587e+02 5.930975e+00 3.017235e+01 1.243617e+01 2.071875e+01 53 217 87 153 16351 4.577640e+02 9.805526e-01 
ImageD.jpg 4 22 0 3.950000e+01 1.025000e+02 44 77 4.041452e+00 2.645751e+00 2.449490e+00 1.825742e+00 43 105 47 79 4 4.408000e+00 2.586942e+00 
ImageD.jpg 4 23 0 3.397222e+01 1.126778e+02 4.721667e+01 8.163611e+01 2.079025e+00 6.828301e+00 3.300671e+00 4.603901e+00 38 125 53 90 360 1.178820e+02 3.255498e-01 
ImageD.jpg 4 24 1 3.757524e+01 1.428693e+02 5.612853e+01 1.014870e+02 7.569566e+00 2.594726e+01 9.385251e+00 1.809618e+01 51 190 73 134 16028 4.714850e+02 9.060527e-01 
ImageD.jpg 4 25 1 4.620129e+01 1.945990e+02 7.556211e+01 1.366739e+02 6.730351e+00 3.693048e+01 1.379338e+01 2.510175e+01 55 239 91 167 20359 5.179710e+02 9.535762e-01 
ImageD.jpg 4 26 0 3.768397e+01 1.433897e+02 5.946309e+01 1.022193e+02 3.550796e+00 1.636058e+01 7.703092e+00 1.129765e+01 42 164 70 116 4971 3.244040e+02 5.935827e-01 
ImageD.jpg 4 27 0 3.325000e+01 1.017500e+02 4.850000e+01 75 5.000000e-01 5.000000e-01 1 0 34 102 50 255 4 3.556000e+00 3.975084e+00 
ImageD.jpg 4 28 1 4.598501e+01 1.945708e+02 7.647607e+01 1.366911e+02 6.319948e+00 3.611140e+01 1.313244e+01 2.440718e+01 55 249 93 173 21747 5.253900e+02 9.900238e-01 
ImageD.jpg 4 29 0 3.433118e+01 1.156215e+02 4.761505e+01 8.355914e+01 2.184880e+00 8.565592e+00 4.087432e+00 5.828110e+00 38 130 54 93 465 1.405420e+02 2.958357e-01 
ImageD.jpg 4 30 0 4.363598e+01 1.741825e+02 6.965234e+01 1.232361e+02 5.180163e+00 2.500843e+01 1.079225e+01 1.720772e+01 51 205 82 144 20845 5.176890e+02 9.774035e-01 
ImageD.jpg 4 31 0 3.743767e+01 1.427473e+02 5.834333e+01 1.016412e+02 4.188613e+00 2.037254e+01 9.072623e+00 1.398341e+01 43 171 71 121 2968 2.805980e+02 4.737013e-01 
ImageD.jpg 4 32 1 4.900936e+01 2.126784e+02 8.020254e+01 1.486621e+02 6.856579e+00 3.966291e+01 1.417318e+01 2.675662e+01 57 255 95 177 23186 5.401850e+02 9.985059e-01 
ImageD.jpg 4 33 0 4.169438e+01 1.699271e+02 6.827141e+01 1.200088e+02 5.188130e+00 2.682676e+01 1.123893e+01 1.841093e+01 50 212 84 149 41587 1.027748e+03 4.947595e-01 
ImageD.jpg 4 34 1 4.223532e+01 1.727106e+02 6.856526e+01 1.218352e+02 5.529192e+00 2.782279e+01 1.192021e+01 1.910844e+01 50 207 83 146 16021 4.550840e+02 9.721121e-01 
ImageD.jpg 4 35 0 3.707180e+01 1.358417e+02 5.617436e+01 9.722725e+01 2.741811e+00 1.202343e+01 5.642436e+00 8.317354e+00 41 152 64 108 13426 4.671900e+02 7.729821e-01 
ImageD.jpg 4 36 0 3.814121e+01 1.506316e+02 6.128151e+01 1.068249e+02 3.607722e+00 1.814085e+01 8.073889e+00 1.248089e+01 43 174 72 123 18653 5.241410e+02 8.532225e-01 
ImageD.jpg 4 37 0 3.523529e+01 1.112059e+02 4.438235e+01 8.083824e+01 5.203666e+00 5.637187e+00 3.863451e+00 4.413718e+00 45 122 52 89 68 4.512200e+01 4.197030e-01 
ImageD.jpg 4 38 1 4.660352e+01 1.983968e+02 7.661179e+01 1.391369e+02 6.540015e+00 3.654643e+01 1.310530e+01 2.471095e+01 56 247 92 172 23603 5.473630e+02 9.899795e-01 
ImageD.jpg 4 39 0 3.020000e+01 1.050500e+02 4.505000e+01 7.585000e+01 1.962812e+00 1.099043e+00 1.731291e+00 9.880869e-01 33 107 48 78 20 1.656500e+01 9.159188e-01 
ImageD.jpg 4 40 0 35 1.025000e+02 40 75 1.414214e+00 7.071068e-01 0 0 36 103 255 255 2 1.960000e+00 6.542259e+00 
ImageD.jpg 4 41 1 3.993863e+01 1.602434e+02 6.392059e+01 1.132990e+02 5.376412e+00 2.695305e+01 1.121391e+01 1.847170e+01 48 200 80 141 19343 5.074200e+02 9.440577e-01 
ImageD.jpg 4 42 1 3.741491e+01 1.469073e+02 5.916780e+01 1.041827e+02 3.430430e+00 1.737041e+01 7.667311e+00 1.194874e+01 42 167 68 118 17288 5.206590e+02 8.013973e-01 
ImageD.jpg 4 43 0 3.254767e+01 1.106710e+02 4.691776e+01 8.001948e+01 1.594481e+00 5.030020e+00 2.348941e+00 3.369409e+00 35 119 51 86 8317 3.958610e+02 6.669467e-01 
ImageD.jpg 4 44 0 3.847474e+01 1.524484e+02 6.066318e+01 1.079143e+02 4.730178e+00 2.346705e+01 9.879827e+00 1.612149e+01 46 190 76 134 61686 1.487761e+03 3.502113e-01 
ImageD.jpg 4 45 0 3.876923e+01 1.054231e+02 4.965385e+01 7.911538e+01 3.993071e+00 3.324732e+00 4.307596e+00 2.519157e+00 43 110 54 82 26 2.449600e+01 5.444937e-01 
ImageD.jpg 4 46 1 3.745597e+01 1.481537e+02 5.927402e+01 1.049367e+02 3.416824e+00 1.674824e+01 7.172775e+00 1.151033e+01 43 170 69 120 21714 5.631100e+02 8.605245e-01 
ImageD.jpg 4 47 0 3.020000e+01 1.062000e+02 4.180000e+01 7.620000e+01 2.167948e+00 1.788854e+00 1.483240e+00 1.303840e+00 32 108 44 78 5 6.550000e+00 1.464527e+00 
ImageD.jpg 4 48 0 33 102 45 75 0 0 0 0 255 255 255 255 5 4.962000e+00 2.551916e+00 
ImageD.jpg 4 49 0 3.101729e+01 1.073898e+02 4.512826e+01 7.745017e+01 1.378182e+00 2.816206e+00 1.568526e+00 1.834621e+00 33 112 48 81 3181 3.844390e+02 2.704697e-01 
ImageD.jpg 4 50 0 3.343770e+01 1.215528e+02 4.932830e+01 8.694845e+01 2.616003e+00 9.349101e+00 4.004312e+00 6.385167e+00 38 138 56 98 12376 7.472880e+02 2.784929e-01 
ImageD.jpg 4 51 0 33 102 45 75 0 0 0 0 255 255 255 255 1 0 Inf 
ImageD.jpg 4 52 0 3.055172e+01 1.037241e+02 45 75 9.097177e-01 4.548588e-01 0 0 32 104 255 255 29 2.299900e+01 6.889536e-01 
ImageD.jpg 4 53 0 39 1.089286e+02 4.350000e+01 8.057143e+01 6 6.069651e+00 5.170181e+00 5.018647e+00 50 121 55 92 14 1.291800e+01 1.054259e+00 
ImageD.jpg 4 54 0 34 102 41 75 0 0 0 0 255 255 255 255 2 1.960000e+00 6.542259e+00 
ImageD.jpg 4 55 0 32 103 45 75 0 0 0 0 255 255 255 255 3 3.920000e+00 2.453347e+00 
ImageD.jpg 4 56 0 3.180000e+01 1.033400e+02 4.344000e+01 75 6.060915e-01 4.785181e-01 1.630826e+00 0 32 104 45 255 50 3.248500e+01 5.954073e-01 
ImageD.jpg 4 57 0 3.050000e+01 1.037500e+02 45 75 1 5.000000e-01 0 0 32 104 255 255 4 5.053000e+00 1.968662e+00 
ImageD.jpg 4 58 0 30 104 45 75 0 0 0 0 255 255 255 255 5 4.962000e+00 2.551916e+00 
ImageD.jpg 4 59 0 37 101 4.550000e+01 7.550000e+01 0 1.414214e+00 7.071068e-01 7.071068e-01 255 102 46 76 2 1.960000e+00 6.542259e+00 
ImageD.jpg 4 60 0 37 100 43 75 0 0 0 0 255 255 255 255 1 0 Inf 
ImageD.jpg 4 61 0 36 101 45 75 0 0 0 0 255 255 255 255 1 0 Inf 
ImageD.jpg 4 62 0 3.147661e+01 1.050924e+02 4.460154e+01 7.616578e+01 1.278543e+00 1.524211e+00 1.560554e+00 1.004015e+00 34 108 47 78 1689 4.341500e+02 1.126056e-01 
ImageD.jpg 4 63 0 3.384211e+01 1.022632e+02 4.526316e+01 7.526316e+01 6.882472e-01 4.524139e-01 4.524139e-01 4.524139e-01 35 103 46 76 19 1.750800e+01 7.789156e-01 
ImageD.jpg 4 64 0 3.128931e+01 1.116920e+02 4.654412e+01 8.020358e+01 1.681814e+00 5.323832e+00 2.705727e+00 3.644377e+00 34 121 51 86 8783 7.368550e+02 2.032772e-01 
ImageD.jpg 4 65 0 33 102 46 75 0 0 1.414214e+00 0 255 255 47 255 2 1.960000e+00 6.542259e+00 
ImageD.jpg 4 66 0 33 102 47 75 0 0 0 0 255 255 255 255 1 0 Inf 
ImageD.jpg 4 67 0 37 1.028889e+02 4.277778e+01 7.633333e+01 2.397916e+00 1.615893e+00 2.682246e+00 1.224745e+00 41 105 47 78 9 9.461000e+00 1.263509e+00 
ImageD.jpg 4 68 0 3.362069e+01 1.031034e+02 4.362069e+01 7.548276e+01 6.218517e-01 1.234759e+00 1.612757e+00 6.876819e-01 35 105 45 77 29 1.808700e+01 1.113973e+00 
ImageD.jpg 4 69 0 34 102 43 75 0 0 0 0 255 255 255 255 2 1.960000e+00 6.542259e+00 
ImageD.jpg 4 70 0 3.147368e+01 1.038684e+02 4.526316e+01 7.542105e+01 1.083958e+00 8.752159e-01 8.280296e-01 5.003555e-01 33 105 46 76 38 2.364400e+01 8.541842e-01 
ImageD.jpg 4 71 0 3.540000e+01 1.056667e+02 4.053333e+01 7.720000e+01 1.764734e+00 2.794553e+00 3.681356e+00 2.007130e+00 38 110 45 80 15 1.255400e+01 1.196016e+00 
ImageD.jpg 4 72 0 32 103 45 75 0 0 0 0 255 255 255 255 3 3.093000e+00 3.940681e+00 
ImageD.jpg 4 73 0 3.227273e+01 1.032121e+02 4.524242e+01 7.524242e+01 4.522670e-01 4.846117e-01 4.351941e-01 4.351941e-01 33 104 46 76 33 2.145300e+01 9.010476e-01 
ImageD.jpg 4 74 0 32 103 45 75 0 0 0 0 255 255 255 255 3 3.093000e+00 3.940681e+00 
ImageD.jpg 4 75 0 33 103 43 75 0 0 0 0 255 255 255 255 2 1.960000e+00 6.542259e+00 
ImageD.jpg 4 76 0 32 103 45 75 0 0 0 0 255 255 255 255 6 5.516000e+00 2.478064e+00 
ImageD.jpg 4 77 0 3.155556e+01 1.032222e+02 4.522222e+01 75 8.819171e-01 4.409586e-01 6.666667e-01 0 32 104 47 255 9 1.485300e+01 5.126536e-01 
ImageD.jpg 4 78 0 32 103 43 75 0 0 0 0 255 255 255 255 2 1.960000e+00 6.542259e+00 
ImageD.jpg 4 79 0 3.175764e+01 1.046271e+02 4.416406e+01 7.597912e+01 1.433666e+00 1.327542e+00 1.554941e+00 9.357794e-01 34 107 46 78 1341 3.179390e+02 1.667059e-01 
ImageD.jpg 4 80 0 3.033333e+01 1.043333e+02 4.466667e+01 7.533333e+01 5.773503e-01 5.773503e-01 1.527525e+00 5.773503e-01 31 105 46 76 3 3.093000e+00 3.940681e+00 
ImageD.jpg 4 81 0 3.025000e+01 1.038750e+02 4.375000e+01 75 7.071068e-01 3.535534e-01 1.035098e+00 0 32 104 45 255 8 8.328000e+00 1.449501e+00 
ImageD.jpg 4 82 0 3.278571e+01 1.032857e+02 4.228571e+01 7.528571e+01 6.992932e-01 4.688072e-01 1.138729e+00 4.688072e-01 34 104 44 76 14 1.010600e+01 1.722580e+00 
ImageD.jpg 4 83 0 32 103 45 75 0 0 0 0 255 255 255 255 6 9.800000e+00 7.850711e-01 
ImageD.jpg 4 84 0 32 103 45 75 0 0 0 0 255 255 255 255 31 2.311500e+01 7.290944e-01 
ImageD.jpg 4 85 0 33 103 43 75 0 0 0 0 255 255 255 255 2 1.960000e+00 6.542259e+00 
ImageD.jpg 4 86 0 3.218182e+01 1.028182e+02 45 75 4.045199e-01 4.045199e-01 0 0 33 103 255 255 11 1.414200e+01 6.911636e-01 
ImageD.jpg 4 87 0 3.069565e+01 1.037826e+02 4.404348e+01 7.508696e+01 1.072268e+00 5.126421e-01 1.153863e+00 3.544064e-01 32 104 46 76 46 3.059100e+01 6.177039e-01 
ImageD.jpg 4 88 0 32 103 45 75 0 0 0 0 255 255 255 255 2 1.960000e+00 6.542259e+00 
ImageD.jpg 4 89 0 30 104 43 75 0 0 0 0 255 255 255 255 2 1.960000e+00 6.542259e+00 
ImageD.jpg 4 90 0 32 103 45 75 0 0 0 0 255 255 255 255 2 1.960000e+00 6.542259e+00 
ImageD.jpg 4 91 0 3.253986e+01 1.033442e+02 4.500362e+01 7.543116e+01 7.046897e-01 7.961286e-01 1.161498e+00 6.920116e-01 34 105 47 77 276 1.174360e+02 2.514875e-01 
ImageD.jpg 4 92 0 32 103 45 75 0 0 0 0 255 255 255 255 8 1.372000e+01 5.340619e-01 
ImageD.jpg 4 93 0 3.265079e+01 103 4.393651e+01 7.504762e+01 5.435466e-01 2.540003e-01 1.045312e+00 2.146694e-01 33 255 45 255 63 3.919200e+01 5.154132e-01 
ImageD.jpg 4 94 0 34 102 45 75 0 0 0 0 255 255 255 255 1 0 Inf 
ImageD.jpg 4 95 0 33 102 45 75 0 0 0 0 255 255 255 255 4 5.053000e+00 1.968662e+00 
ImageE.jpg 5 1 0 3.077096e+01 1.006250e+02 4.387045e+01 7.319348e+01 1.550162e+00 2.828994e+00 1.631858e+00 2.091949e+00 33 105 47 77 7086 4.422970e+02 4.551798e-01 
ImageE.jpg 5 2 0 31 95 43 70 0 0 0 0 255 255 255 255 1 0 Inf 
ImageE.jpg 5 3 0 3.310439e+01 1.141775e+02 4.932197e+01 8.252205e+01 2.101444e+00 8.013222e+00 3.947938e+00 5.615074e+00 36 125 55 90 12290 4.381050e+02 8.046469e-01 
ImageE.jpg 5 4 0 31 96 42 70 0 0 0 0 255 255 255 255 1 0 Inf 
ImageE.jpg 5 5 0 31 95 43 70 0 0 0 0 255 255 255 255 1 0 Inf 
ImageE.jpg 5 6 0 31 95 43 70 0 0 0 0 255 255 255 255 1 0 Inf 
ImageE.jpg 5 7 0 31 95 43 70 0 0 0 0 255 255 255 255 1 0 Inf 
ImageE.jpg 5 8 0 3.224451e+01 1.085100e+02 4.714574e+01 7.867728e+01 1.677485e+00 6.499500e+00 3.086697e+00 4.473751e+00 35 119 52 86 12159 4.444230e+02 7.735968e-01 
ImageE.jpg 5 9 0 3.166667e+01 9.433333e+01 43 70 5.773503e-01 5.773503e-01 0 0 32 95 255 255 3 3.920000e+00 2.453347e+00 
ImageE.jpg 5 10 0 3.859554e+01 1.474792e+02 6.180987e+01 1.051603e+02 3.925533e+00 1.979585e+01 8.867928e+00 1.367218e+01 44 169 72 120 17814 4.987100e+02 9.000677e-01 
ImageE.jpg 5 11 0 28 97 42 70 0 0 0 0 255 255 255 255 1 0 Inf 
ImageE.jpg 5 12 1 4.286853e+01 1.735327e+02 7.016132e+01 1.226898e+02 5.656844e+00 2.931301e+01 1.252410e+01 2.015517e+01 50 205 84 145 17183 4.722200e+02 9.683227e-01 
ImageE.jpg 5 13 1 4.362489e+01 1.790076e+02 7.232860e+01 1.263788e+02 5.763194e+00 3.038099e+01 1.271443e+01 2.082857e+01 51 216 86 152 20338 5.132420e+02 9.702278e-01 
ImageE.jpg 5 14 0 3.846803e+01 1.422448e+02 5.890687e+01 1.017310e+02 3.604374e+00 1.692133e+01 8.073709e+00 1.176412e+01 43 159 67 114 9213 3.952800e+02 7.409711e-01 
ImageE.jpg 5 15 1 4.477375e+01 1.837748e+02 7.282609e+01 1.295790e+02 6.438347e+00 3.484182e+01 1.406538e+01 2.379043e+01 53 226 89 159 16986 4.636360e+02 9.929941e-01 
ImageE.jpg 5 16 0 4.406278e+01 1.814879e+02 7.255402e+01 1.279926e+02 6.096327e+00 3.366808e+01 1.322453e+01 2.294803e+01 52 223 88 156 18476 4.868770e+02 9.794433e-01 
ImageE.jpg 5 17 1 4.327141e+01 1.779040e+02 7.114121e+01 1.254914e+02 5.293992e+00 2.889695e+01 1.193157e+01 1.972403e+01 51 218 86 152 36314 9.243110e+02 5.341309e-01 
ImageE.jpg 5 18 1 4.610526e+01 1.936472e+02 7.532703e+01 1.360496e+02 6.440197e+00 3.578334e+01 1.357552e+01 2.429936e+01 54 235 90 164 16702 4.613620e+02 9.860404e-01 
ImageE.jpg 5 19 0 3.542024e+01 1.311076e+02 5.177959e+01 9.344196e+01 6.596564e+00 2.401012e+01 8.577727e+00 1.654768e+01 47 173 67 122 15979 4.720220e+02 9.012286e-01 
ImageE.jpg 5 20 0 32 95 39 70 0 0 1.414214e+00 0 255 255 40 255 2 1.960000e+00 6.542259e+00 
ImageE.jpg 5 21 1 4.387923e+01 1.812851e+02 7.121149e+01 1.276694e+02 6.298029e+00 3.328018e+01 1.314303e+01 2.278047e+01 52 220 86 154 20535 5.163330e+02 9.679319e-01 
ImageE.jpg 5 22 1 4.288165e+01 1.717773e+02 6.916872e+01 1.215486e+02 4.906348e+00 2.399487e+01 1.063636e+01 1.648184e+01 49 199 81 140 18504 4.830630e+02 9.964785e-01 
ImageE.jpg 5 23 0 4.326980e+01 1.781585e+02 7.166319e+01 1.257046e+02 5.680977e+00 3.069667e+01 1.228133e+01 2.093645e+01 52 225 87 157 21861 5.268620e+02 9.896603e-01 
ImageE.jpg 5 24 1 4.451067e+01 1.803887e+02 7.095509e+01 1.272944e+02 6.127013e+00 3.228515e+01 1.299919e+01 2.206609e+01 53 222 86 156 16500 4.576900e+02 9.898080e-01 
ImageE.jpg 5 25 1 4.289610e+01 1.757897e+02 6.939482e+01 1.239280e+02 5.261765e+00 2.657647e+01 1.112106e+01 1.820084e+01 50 208 82 146 21164 5.163990e+02 9.973253e-01 
ImageE.jpg 5 26 1 4.671103e+01 1.984940e+02 7.617985e+01 1.391779e+02 6.514410e+00 3.752160e+01 1.361925e+01 2.532193e+01 56 249 92 173 23314 5.410040e+02 1.000981e+00 
ImageE.jpg 5 27 0 3.710412e+01 1.324426e+02 5.457008e+01 9.503390e+01 3.813138e+00 1.811908e+01 7.903839e+00 1.250558e+01 42 155 65 111 3717 3.085510e+02 4.906237e-01 
ImageE.jpg 5 28 1 4.007559e+01 1.593425e+02 6.379379e+01 1.127891e+02 4.746398e+00 2.467363e+01 1.107784e+01 1.693086e+01 46 190 78 134 16100 4.581690e+02 9.637943e-01 
ImageE.jpg 5 29 1 4.479150e+01 1.883143e+02 7.335735e+01 1.323090e+02 6.164680e+00 3.448493e+01 1.293168e+01 2.338029e+01 54 236 89 164 23803 5.486460e+02 9.937042e-01 
ImageE.jpg 5 30 0 43 92 47 72 1 1 1 1 44 93 48 73 3 3.920000e+00 2.453347e+00 
ImageE.jpg 5 31 0 3.430417e+01 1.208687e+02 5.039457e+01 8.694338e+01 2.352046e+00 1.113403e+01 4.583601e+00 7.514935e+00 38 138 57 98 12733 4.828690e+02 6.862494e-01 
ImageE.jpg 5 32 0 41 95 4.150000e+01 7.250000e+01 3.162278e+00 2.943920e+00 3.415650e+00 3 45 98 46 76 4 4.408000e+00 2.586942e+00 
ImageE.jpg 5 33 0 3.650000e+01 9.250000e+01 4.350000e+01 7.050000e+01 7.071068e-01 7.071068e-01 7.071068e-01 7.071068e-01 37 93 44 71 2 2.812000e+00 3.178405e+00 
ImageE.jpg 5 34 0 3.645455e+01 9.750000e+01 3.972727e+01 7.268182e+01 3.634848e+00 2.939874e+00 2.746111e+00 2.437531e+00 43 101 43 77 22 2.463700e+01 4.554670e-01 
ImageE.jpg 5 35 0 3.324324e+01 1.065676e+02 3.878378e+01 7.683784e+01 5.133795e+00 7.646860e+00 3.830688e+00 5.330799e+00 41 121 46 87 37 2.426500e+01 7.896797e-01 
ImageE.jpg 5 36 1 3.618022e+01 1.386689e+02 5.602153e+01 9.859821e+01 4.381954e+00 2.136891e+01 9.102915e+00 1.468443e+01 43 170 69 120 18766 5.227190e+02 8.630680e-01 
ImageE.jpg 5 37 0 3.975971e+01 1.560284e+02 6.260846e+01 1.106320e+02 4.368438e+00 2.290147e+01 9.764744e+00 1.572823e+01 45 183 74 129 16264 4.671670e+02 9.364679e-01 
ImageE.jpg 5 38 0 31 96 42 70 0 0 0 0 255 255 255 255 1 0 Inf 
ImageE.jpg 5 39 0 3.114815e+01 9.614815e+01 4.214815e+01 7.014815e+01 4.517224e-01 4.517224e-01 4.517224e-01 4.517224e-01 32 97 43 71 54 2.814300e+01 8.567672e-01 
ImageE.jpg 5 40 0 3.132000e+01 96 4.216000e+01 7.016000e+01 4.760952e-01 5.773503e-01 3.741657e-01 3.741657e-01 32 97 43 71 25 2.115500e+01 7.019785e-01 
ImageE.jpg 5 41 0 2.983735e+01 9.821872e+01 4.131418e+01 7.126645e+01 1.113809e+00 1.293822e+00 1.202105e+00 1.052139e+00 32 100 43 73 2158 3.414830e+02 2.325536e-01 
ImageE.jpg 5 42 0 31 96 42 70 0 0 0 0 255 255 255 255 1 0 Inf 
ImageE.jpg 5 43 0 3.250000e+01 9.425000e+01 44 70 1.732051e+00 9.574271e-01 1.154701e+00 0 34 95 45 255 4 3.556000e+00 3.975084e+00 
ImageE.jpg 5 44 0 3.045787e+01 1.048611e+02 4.393645e+01 7.561436e+01 1.747859e+00 5.873660e+00 2.723328e+00 4.052269e+00 33 115 49 82 11298 5.404820e+02 4.860142e-01 
ImageE.jpg 5 45 0 31 96 42 70 0 0 0 0 255 255 255 255 1 0 Inf 
ImageE.jpg 5 46 0 30 97 43 71 0 0 0 0 255 255 255 255 1 0 Inf 
ImageE.jpg 5 47 0 3.235032e+01 1.159671e+02 4.779026e+01 8.316493e+01 3.110879e+00 1.422299e+01 5.715142e+00 9.746395e+00 38 142 58 101 14618 8.597020e+02 2.485432e-01 
ImageE.jpg 5 48 0 3.458170e+01 1.300144e+02 5.283026e+01 9.265682e+01 3.023278e+00 1.463742e+01 6.380007e+00 1.005330e+01 39 151 63 108 19424 5.584790e+02 7.825910e-01 
ImageE.jpg 5 49 0 39 91 45 70 0 0 0 0 255 255 255 255 1 0 Inf 
ImageE.jpg 5 50 0 3.465000e+01 9.960000e+01 4.110000e+01 7.355000e+01 3.787445e+00 3.408967e+00 3.370148e+00 2.762055e+00 39 104 46 78 20 1.769800e+01 8.024010e-01 
ImageE.jpg 5 51 0 31 96 42 70 0 0 0 0 255 255 255 255 4 3.556000e+00 3.975084e+00 
ImageE.jpg 5 52 0 37 1.027447e+02 4.257447e+01 7.614894e+01 5.718011e+00 6.008936e+00 4.322563e+00 4.378697e+00 46 114 50 85 47 4.133400e+01 3.456948e-01 
ImageE.jpg 5 53 0 31 96 42 70 0 0 0 0 255 255 255 255 1 0 Inf 
ImageE.jpg 5 54 0 3.250000e+01 9.450000e+01 4.350000e+01 7.050000e+01 7.071068e-01 7.071068e-01 7.071068e-01 7.071068e-01 33 95 44 71 2 1.960000e+00 6.542259e+00 
ImageE.jpg 5 55 0 31 96 42 70 0 0 0 0 255 255 255 255 6 5.905000e+00 2.162327e+00 
ImageE.jpg 5 56 0 35 93 45 70 0 0 0 0 255 255 255 255 1 0 Inf 
ImageE.jpg 5 57 0 3.075000e+01 9.650000e+01 4.025000e+01 7.025000e+01 1.258306e+00 5.773503e-01 5.000000e-01 5.000000e-01 32 97 41 71 4 4.590000e+00 2.385857e+00 
ImageE.jpg 5 58 0 36 95 36 7.050000e+01 1.414214e+00 0 1.414214e+00 7.071068e-01 37 255 37 71 2 1.960000e+00 6.542259e+00 
ImageE.jpg 5 59 0 2.916129e+01 1.042903e+02 4.264516e+01 7.474194e+01 3.908084e+00 4.436166e+00 3.979517e+00 3.214216e+00 36 112 47 80 31 1.852500e+01 1.135155e+00 
ImageE.jpg 5 60 0 29 97 38 70 0 0 0 0 255 255 255 255 1 0 Inf 
ImageE.jpg 5 61 0 3.850000e+01 9.450000e+01 3.650000e+01 71 3.535534e+00 7.071068e-01 7.071068e-01 1.414214e+00 41 95 37 72 2 2.812000e+00 3.178405e+00 
ImageE.jpg 5 62 0 32 96 36 70 0 0 0 0 255 255 255 255 2 1.960000e+00 6.542259e+00 
ImageE.jpg 5 63 0 3.231818e+01 1.037455e+02 3.800909e+01 7.485455e+01 4.792831e+00 5.165937e+00 3.577441e+00 3.992737e+00 39 113 44 82 110 7.056900e+01 2.775713e-01 
ImageE.jpg 5 64 0 3.059765e+01 1.066241e+02 4.396209e+01 7.670683e+01 1.799736e+00 6.724869e+00 3.125307e+00 4.619565e+00 34 118 49 84 9022 6.068740e+02 3.078333e-01 
ImageE.jpg 5 65 0 37 9.375000e+01 3.975000e+01 7.075000e+01 1.632993e+00 5.000000e-01 1.500000e+00 5.000000e-01 39 94 41 71 4 3.556000e+00 3.975084e+00 
ImageE.jpg 5 66 0 3.084783e+01 9.989130e+01 3.860870e+01 7.221739e+01 2.403399e+00 2.975666e+00 2.752601e+00 1.931183e+00 35 105 44 76 46 2.811900e+01 7.310851e-01 
ImageE.jpg 5 67 0 3.045030e+01 1.037952e+02 4.193439e+01 7.480020e+01 1.994274e+00 5.589063e+00 2.609525e+00 3.838382e+00 34 113 46 81 1006 1.872030e+02 3.607300e-01 
ImageE.jpg 5 68 0 3.064706e+01 1.020441e+02 4.294118e+01 74 4.217111e+00 4.839001e+00 5.124953e+00 4.302030e+00 39 111 53 83 68 2.917700e+01 1.003778e+00 
ImageE.jpg 5 69 0 3.122222e+01 9.622222e+01 4.222222e+01 7.022222e+01 4.409586e-01 4.409586e-01 4.409586e-01 4.409586e-01 32 97 43 71 9 8.328000e+00 1.630688e+00 
ImageE.jpg 5 70 0 29 96 42 70 0 0 0 0 255 255 255 255 1 0 Inf 
ImageE.jpg 5 71 0 34 94 42 70 0 0 0 0 255 255 255 255 2 1.960000e+00 6.542259e+00 
ImageE.jpg 5 72 0 31 96 40 70 0 0 0 0 255 255 255 255 1 0 Inf 
ImageE.jpg 5 73 0 28 97 42 70 0 0 0 0 255 255 255 255 2 1.960000e+00 6.542259e+00 
ImageE.jpg 5 74 0 2.993660e+01 1.005228e+02 4.172632e+01 7.271432e+01 1.405476e+00 3.474717e+00 2.072657e+00 2.420240e+00 32 107 45 77 3833 4.648170e+02 2.229383e-01 
ImageE.jpg 5 75 0 30 9.550000e+01 43 70 1.414214e+00 7.071068e-01 0 0 31 96 255 255 2 1.960000e+00 6.542259e+00 
ImageE.jpg 5 76 0 2.912500e+01 9.662500e+01 4.062500e+01 7.012500e+01 3.415650e-01 5.000000e-01 1.857418e+00 3.415650e-01 30 97 43 71 16 2.505000e+01 3.204161e-01 
ImageE.jpg 5 77 0 31 96 40 70 0 0 0 0 255 255 255 255 2 1.960000e+00 6.542259e+00 
ImageE.jpg 5 78 0 29 97 39 70 0 0 1.069045e+00 0 255 255 40 255 8 1.372000e+01 5.340619e-01 
ImageE.jpg 5 79 0 2.971429e+01 9.685714e+01 4.014286e+01 7.014286e+01 9.511897e-01 6.900656e-01 3.779645e-01 3.779645e-01 31 98 41 71 7 6.922000e+00 1.835882e+00 
ImageE.jpg 5 80 0 3.530000e+01 1.015000e+02 3.876667e+01 7.446667e+01 3.075487e+00 3.559833e+00 4.031628e+00 2.687562e+00 40 107 44 78 30 2.793700e+01 4.830272e-01 
ImageE.jpg 5 81 0 31 96 42 70 0 0 0 0 255 255 255 255 3 3.920000e+00 2.453347e+00 
ImageE.jpg 5 82 0 32 95 40 70 0 0 0 0 255 255 255 255 3 3.920000e+00 2.453347e+00 
ImageE.jpg 5 83 0 2.830000e+01 9.670000e+01 43 70 4.830459e-01 4.830459e-01 0 0 29 97 255 255 10 8.328000e+00 1.811876e+00 
ImageE.jpg 5 84 0 29 96 43 70 0 0 0 0 255 255 255 255 1 0 Inf 
ImageE.jpg 5 85 0 29 96 42 70 0 0 0 0 255 255 255 255 1 0 Inf 
ImageE.jpg 5 86 0 29 96 42 70 0 0 0 0 255 255 255 255 2 1.960000e+00 6.542259e+00 
ImageE.jpg 5 87 0 3.030000e+01 9.635000e+01 40 70 9.787210e-01 4.893605e-01 0 0 31 97 255 255 20 1.536600e+01 1.064433e+00 
ImageE.jpg 5 88 0 28 97 40 70 0 0 0 0 255 255 255 255 1 0 Inf 
ImageE.jpg 5 89 0 2.945455e+01 9.681818e+01 4.172727e+01 7.045455e+01 5.222330e-01 4.045199e-01 1.420627e+00 5.222330e-01 30 97 43 71 11 1.095800e+01 1.151171e+00 
ImageE.jpg 5 90 0 3.077778e+01 9.611111e+01 4.255556e+01 7.044444e+01 1.481366e+00 7.817360e-01 7.264832e-01 5.270463e-01 32 97 44 71 9 7.683000e+00 1.915979e+00 
ImageE.jpg 5 91 0 31 96 40 70 0 0 0 0 255 255 255 255 1 0 Inf 
ImageE.jpg 5 92 0 36 96 36 71 0 0 0 0 255 255 255 255 1 0 Inf 
ImageE.jpg 5 93 0 4.175000e+01 9.175000e+01 3.850000e+01 7.050000e+01 9.574271e-01 9.574271e-01 3.785939e+00 1 43 93 44 72 4 5.905000e+00 1.441551e+00 
ImageE.jpg 5 94 0 29 96 43 70 0 0 0 0 255 255 255 255 1 0 Inf 
ImageE.jpg 5 95 0 2.912500e+01 96 42 70 5.000000e-01 0 0 0 31 255 255 255 16 1.199200e+01 1.398127e+00 
ImageE.jpg 5 96 0 3.214286e+01 9.571429e+01 4.242857e+01 7.042857e+01 6.900656e-01 7.559289e-01 5.345225e-01 5.345225e-01 33 97 43 71 7 6.368000e+00 2.169211e+00 
ImageE.jpg 5 97 0 3.180000e+01 9.520000e+01 4.260000e+01 7.020000e+01 1.923538e+00 8.366600e-01 5.477226e-01 4.472136e-01 34 96 43 71 5 7.592000e+00 1.090103e+00 
ImageE.jpg 5 98 0 3.060442e+01 9.837883e+01 4.166180e+01 7.153956e+01 1.303075e+00 1.863650e+00 1.431258e+00 1.329376e+00 33 102 44 74 2806 4.411980e+02 1.811467e-01 
ImageE.jpg 5 99 0 32 95 40 70 0 0 0 0 255 255 255 255 1 0 Inf 
ImageE.jpg 5 100 0 3.166667e+01 9.533333e+01 42 70 5.773503e-01 5.773503e-01 0 0 32 96 255 255 3 3.093000e+00 3.940681e+00 
ImageE.jpg 5 101 0 2.966667e+01 9.633333e+01 41 70 1.154701e+00 1.154701e+00 1.732051e+00 0 31 97 43 255 3 4.590000e+00 1.789393e+00 
ImageE.jpg 5 102 0 3.050000e+01 9.620000e+01 40 70 1.080123e+00 6.324555e-01 0 0 32 97 255 255 10 1.681300e+01 4.445488e-01 
ImageE.jpg 5 103 0 31 96 40 70 0 0 0 0 255 255 255 255 2 1.960000e+00 6.542259e+00 
ImageE.jpg 5 104 0 31 96 40 70 0 0 0 0 255 255 255 255 3 3.920000e+00 2.453347e+00 
ImageE.jpg 5 105 0 3.125000e+01 9.625000e+01 4.225000e+01 7.025000e+01 4.409586e-01 4.409586e-01 4.409586e-01 4.409586e-01 32 97 43 71 28 2.332200e+01 6.468988e-01 
ImageE.jpg 5 106 0 31 96 42 70 0 0 0 0 255 255 255 255 4 3.556000e+00 3.975084e+00 
ImageE.jpg 5 107 0 31 96 42 70 0 0 0 0 255 255 255 255 2 1.960000e+00 6.542259e+00 
ImageE.jpg 5 108 0 32 95 42 70 0 0 0 0 255 255 255 255 1 0 Inf 
ImageE.jpg 5 109 0 31 96 42 70 0 0 0 0 255 255 255 255 13 1.019700e+01 1.571116e+00 
